50
Chef001 2 700 5 1 4 0
Chef002 3 944 11 4 7 0
Chef003 4 927 15 4 11 0
Chef004 5 703 13 6 7 0
Chef005 6 650 15 7 8 0
Chef006 7 741 20 9 11 0
Chef007 8 760 4 0 4 0
Chef008 9 824 6 2 4 0
Chef009 10 690 7 3 4 0
Chef010 11 871 12 6 6 0
Chef011 12 782 15 6 9 0
Chef012 13 819 20 8 12 0
Chef013 14 919 23 10 13 0
Chef014 15 812 3 1 2 0
Chef015 16 750 5 2 3 0
Chef016 17 841 10 4 6 0
Chef017 18 950 15 5 10 0
Chef018 19 807 15 7 8 0
Chef019 20 961 19 9 10 0
Chef020 1 881 3 0 3 0
Chef021 2 864 5 1 4 0
Chef022 3 1045 9 4 5 0
Chef023 4 974 11 4 7 0
Chef024 5 1029 17 7 10 0
Chef025 6 1012 19 7 12 0
Chef026 7 860 18 9 9 0
Chef027 8 960 2 0 2 0
Chef028 9 1240 9 2 7 0
Chef029 10 1133 10 4 6 0
Chef030 11 1017 12 5 7 0
Chef031 12 1009 16 6 10 0
Chef032 13 1055 19 8 11 0
Chef033 14 1047 21 9 12 0
Chef034 15 994 4 1 3 0
Chef035 16 1139 9 2 7 0
Chef036 17 987 9 4 5 0
Chef037 18 988 12 5 7 0
Chef038 19 1196 18 8 10 0
Chef039 20 1260 20 9 11 0
Chef040 1 1189 4 0 4 0
Chef041 2 1127 6 1 5 0
Chef042 3 1092 8 3 5 0
Chef043 4 1066 10 4 6 0
Chef044 5 1238 17 7 10 0
Chef045 6 1203 17 7 10 0
Chef046 7 1087 19 9 10 0
Chef047 8 1142 3 0 3 0
Chef048 9 1134 6 2 4 0
Chef049 10 1090 7 3 4 0
Chef050 11 1181 12 5 7 0
