100
Chef001 2 835 7 1 6 0
Chef002 3 746 9 3 6 0
Chef003 4 684 12 4 8 0
Chef004 5 739 14 6 8 1
Chef005 6 821 19 7 12 0
Chef006 7 804 21 9 12 1
Chef007 8 787 3 0 3 0
Chef008 9 896 7 2 5 1
Chef009 10 996 12 4 8 0
Chef010 11 808 12 5 7 0
Chef011 12 926 16 6 10 0
Chef012 13 1098 22 9 13 0
Chef013 14 730 19 9 10 0
Chef014 15 776 3 1 2 1
Chef015 16 840 8 2 6 0
Chef016 17 850 11 4 7 0
Chef017 18 887 14 5 9 0
Chef018 19 942 17 7 10 0
Chef019 20 925 19 9 10 1
Chef020 1 1061 5 0 5 0
Chef021 2 873 7 1 6 1
Chef022 3 1126 13 3 10 0
Chef023 4 830 12 4 8 0
Chef024 5 903 13 6 7 0
Chef025 6 1120 18 9 9 0
Chef026 7 968 20 9 11 0
Chef027 8 1149 5 1 4 1
Chef028 9 1078 9 2 7 1
Chef029 10 953 8 3 5 0
Chef030 11 1242 17 5 12 0
Chef031 12 1009 15 6 9 0
Chef032 13 974 18 8 10 0
Chef033 14 1074 23 9 14 1
Chef034 15 1147 6 2 4 0
Chef035 16 1238 10 4 6 0
Chef036 17 1005 9 4 5 0
Chef037 18 1159 13 6 7 1
Chef038 19 1214 18 8 10 0
Chef039 20 1143 20 8 12 0
Chef040 1 1090 2 0 2 1
Chef041 2 1163 6 1 5 0
Chef042 3 1281 10 4 6 0
Chef043 4 1048 10 4 6 0
Chef044 5 1184 15 6 9 1
Chef045 6 1392 20 7 13 0
Chef046 7 1186 21 9 12 0
Chef047 8 1169 3 0 3 0
Chef048 9 1188 7 2 5 0
Chef049 10 1450 12 4 8 0
Chef050 11 1370 16 5 11 0
Chef051 12 1209 16 6 10 0
Chef052 13 1354 20 8 12 0
Chef053 14 1364 22 9 13 0
Chef054 15 1410 7 1 6 0
Chef055 16 1294 10 2 8 0
Chef056 17 1241 12 4 8 0
Chef057 18 1359 14 5 9 0
Chef058 19 1351 17 8 9 0
Chef059 20 1406 20 9 11 0
Chef060 1 1362 3 0 3 0
Chef061 2 1579 10 2 8 0
Chef062 3 1391 11 3 8 0
Chef063 4 1518 16 5 11 0
Chef064 5 1492 18 7 11 0
Chef065 6 1349 18 7 11 0
Chef066 7 1683 26 10 16 0
Chef067 8 1558 6 0 6 0
Chef068 9 1487 7 2 5 0
Chef069 10 1479 10 3 7 0
Chef070 11 1471 14 5 9 0
Chef071 12 1526 17 6 11 0
Chef072 13 1554 21 9 12 0
Chef073 14 1555 25 9 16 0
Chef074 15 1646 7 1 6 0
Chef075 16 1521 9 2 7 0
Chef076 17 1567 13 4 9 0
Chef077 18 1577 15 6 9 0
Chef078 19 1614 17 8 9 0
Chef079 20 1606 20 9 11 0
Chef080 1 1598 6 0 6 0
Chef081 2 1662 8 2 6 0
Chef082 3 1753 14 4 10 0
Chef083 4 1529 11 4 7 0
Chef084 5 1755 17 6 11 0
Chef085 6 1675 20 7 13 0
Chef086 7 1532 20 9 11 0
Chef087 8 1551 4 0 4 0
Chef088 9 1660 7 2 5 0
Chef089 10 1670 11 3 8 0
Chef090 11 1518 12 5 7 0
Chef091 12 1618 17 6 11 0
Chef092 13 1826 21 9 12 0
Chef093 14 1638 21 10 11 0
Chef094 15 1891 8 2 6 0
Chef095 16 1703 7 3 4 0
Chef096 17 1560 8 4 4 0
Chef097 18 1651 12 5 7 0
Chef098 19 1643 17 7 10 0
Chef099 20 1590 17 8 9 0
Chef100 1 1897 5 1 4 0
