100
Chef001 2 700 4 1 3 1
Chef002 3 773 9 3 6 1
Chef003 4 945 15 5 10 1
Chef004 5 739 14 6 8 1
Chef005 6 713 17 7 10 1
Chef006 7 849 24 9 15 1
Chef007 8 769 5 0 5 1
Chef008 9 986 10 4 6 0
Chef009 10 1545 22 5 17 0
Chef010 11 1123 17 6 11 1
Chef011 12 872 18 6 12 1
Chef012 13 1197 23 9 14 0
Chef013 14 910 24 9 15 1
Chef014 15 1163 10 1 9 1
Chef015 16 1209 14 2 12 0
Chef016 17 850 11 4 7 0
Chef017 18 815 12 5 7 1
Chef018 19 1122 19 7 12 0
Chef019 20 1015 21 9 12 1
Chef020 1 1277 9 0 9 0
Chef021 2 1089 9 2 7 0
Chef022 3 982 13 3 10 0
Chef023 4 1433 18 7 11 0
Chef024 5 1416 23 7 16 0
Chef025 6 967 18 7 11 0
Chef026 7 1184 24 9 15 0
Chef027 8 1203 8 2 6 0
Chef028 9 1141 12 2 10 0
Chef029 10 1268 14 4 10 0
Chef030 11 1215 14 5 9 0
Chef031 12 1171 17 7 10 0
Chef032 13 1172 21 8 13 1
Chef033 14 1164 24 9 15 0
Chef034 15 1813 15 2 13 0
Chef035 16 1733 20 2 18 0
Chef036 17 1284 13 4 9 0
Chef037 18 1096 15 5 10 0
Chef038 19 1088 17 7 10 1
Chef039 20 1404 29 9 20 0
Chef040 1 1333 8 2 6 1
Chef041 2 1577 14 3 11 0
Chef042 3 1398 14 3 11 0
Chef043 4 1255 16 4 12 0
Chef044 5 1427 20 7 13 0
Chef045 6 1509 23 8 15 0
Chef046 7 1285 22 10 12 0
Chef047 8 1250 6 0 6 1
Chef048 9 1584 11 3 8 0
Chef049 10 1630 15 4 11 0
Chef050 11 1550 18 6 12 0
Chef051 12 1578 26 6 20 0
Chef052 13 1336 21 9 12 0
Chef053 14 1499 25 9 16 0
Chef054 15 1527 12 1 11 0
Chef055 16 1528 16 2 14 0
Chef056 17 1520 16 5 11 0
Chef057 18 1674 20 7 13 0
Chef058 19 1504 21 8 13 0
Chef059 20 1550 26 9 17 0
Chef060 1 1497 6 1 5 0
Chef061 2 1687 11 1 10 0
Chef062 3 1391 9 3 6 0
Chef063 4 1518 17 4 13 0
Chef064 5 1555 20 6 14 0
Chef065 6 1700 24 8 16 0
Chef066 7 1782 26 9 17 0
Chef067 8 1630 7 1 6 0
Chef068 9 1631 10 2 8 0
Chef069 10 1488 14 4 10 0
Chef070 11 1750 18 5 13 0
Chef071 12 1715 20 7 13 0
Chef072 13 1842 25 8 17 0
Chef073 14 1708 27 10 17 0
Chef074 15 1745 8 3 5 0
Chef075 16 1620 12 2 10 0
Chef076 17 1819 19 6 13 0
Chef077 18 1622 18 5 13 0
Chef078 19 1830 21 9 12 0
Chef079 20 1741 25 9 16 0
Chef080 1 1724 8 0 8 0
Chef081 2 2013 14 2 12 0
Chef082 3 1717 12 3 9 0
Chef083 4 1619 12 4 8 0
Chef084 5 1719 18 7 11 0
Chef085 6 1909 25 7 18 0
Chef086 7 1847 28 9 19 0
Chef087 8 1938 10 2 8 0
Chef088 9 1939 14 3 11 0
Chef089 10 1832 15 3 12 0
Chef090 11 1797 16 6 10 0
Chef091 12 2095 25 7 18 0
Chef092 13 1826 22 9 13 0
Chef093 14 1899 27 9 18 0
Chef094 15 2107 12 3 9 0
Chef095 16 1856 12 2 10 0
Chef096 17 2010 15 4 11 0
Chef097 18 1894 19 5 14 0
Chef098 19 1787 19 7 12 0
Chef099 20 2094 26 9 17 0
Chef100 1 2338 12 1 11 0
