50
Chef001 2 754 5 1 4 0
Chef002 3 746 8 3 5 0
Chef003 4 810 11 5 6 0
Chef004 5 721 15 6 9 0
Chef005 6 695 16 7 9 0
Chef006 7 867 21 10 11 0
Chef007 8 814 5 0 5 0
Chef008 9 851 7 2 5 0
Chef009 10 1131 15 4 11 0
Chef010 11 1294 20 6 14 0
Chef011 12 809 15 6 9 0
Chef012 13 873 19 8 11 0
Chef013 14 1135 25 10 15 0
Chef014 15 1262 11 3 8 0
Chef015 16 858 8 2 6 0
Chef016 17 1048 12 4 8 0
Chef017 18 1058 16 6 10 0
Chef018 19 1239 21 7 14 0
Chef019 20 907 20 8 12 0
Chef020 1 1079 9 0 9 0
Chef021 2 882 5 1 4 0
Chef022 3 1126 14 4 10 0
Chef023 4 1064 13 5 8 0
Chef024 5 1047 17 6 11 0
Chef025 6 922 18 7 11 0
Chef026 7 1076 22 10 12 0
Chef027 8 951 3 0 3 0
Chef028 9 1150 8 3 5 0
Chef029 10 1061 9 3 6 0
Chef030 11 1188 17 6 11 0
Chef031 12 1153 20 7 13 0
Chef032 13 1073 19 8 11 0
Chef033 14 1218 25 9 16 0
Chef034 15 1129 6 1 5 0
Chef035 16 1130 7 3 4 0
Chef036 17 1302 14 4 10 0
Chef037 18 1114 16 5 11 0
Chef038 19 1205 18 8 10 0
Chef039 20 1251 24 8 16 0
Chef040 1 1198 5 0 5 0
Chef041 2 1091 7 1 6 0
Chef042 3 1317 14 3 11 0
Chef043 4 1354 14 5 9 0
Chef044 5 1229 17 6 11 0
Chef045 6 1473 22 8 14 0
Chef046 7 1555 26 10 16 0
Chef047 8 1178 3 0 3 0
Chef048 9 1476 13 2 11 0
Chef049 10 1270 12 3 9 0
Chef050 11 1496 18 6 12 0
