100
Chef001 2 772 6 1 5 0
Chef002 3 620 6 3 3 1
Chef003 4 630 9 4 5 1
Chef004 5 1018 17 6 11 0
Chef005 6 686 16 7 9 1
Chef006 7 822 22 9 13 1
Chef007 8 877 5 0 5 0
Chef008 9 707 6 2 4 1
Chef009 10 1068 13 4 9 0
Chef010 11 808 12 5 7 0
Chef011 12 899 18 6 12 0
Chef012 13 864 20 8 12 1
Chef013 14 829 20 10 10 0
Chef014 15 884 4 1 3 0
Chef015 16 1065 13 3 10 0
Chef016 17 1084 14 5 9 0
Chef017 18 1193 17 6 11 0
Chef018 19 969 18 7 11 0
Chef019 20 925 19 8 11 1
Chef020 1 1061 4 0 4 0
Chef021 2 1071 10 1 9 0
Chef022 3 1072 12 4 8 1
Chef023 4 1118 13 5 8 0
Chef024 5 903 13 6 7 0
Chef025 6 1282 22 9 13 1
Chef026 7 923 21 9 12 0
Chef027 8 978 4 0 4 0
Chef028 9 1123 10 2 8 0
Chef029 10 971 8 3 5 0
Chef030 11 1143 14 6 8 0
Chef031 12 1090 17 6 11 1
Chef032 13 1127 21 8 13 0
Chef033 14 1119 21 10 11 0
Chef034 15 1354 11 2 9 0
Chef035 16 959 6 2 4 0
Chef036 17 1068 11 4 7 0
Chef037 18 970 12 5 7 1
Chef038 19 1169 18 8 10 1
Chef039 20 1152 20 8 12 0
Chef040 1 1072 3 0 3 0
Chef041 2 1217 7 1 6 0
Chef042 3 1209 10 3 7 0
Chef043 4 1219 14 4 10 0
Chef044 5 1202 16 7 9 0
Chef045 6 1347 20 8 12 0
Chef046 7 1195 22 9 13 0
Chef047 8 1286 7 1 6 0
Chef048 9 1305 9 2 7 0
Chef049 10 1153 9 3 6 0
Chef050 11 1262 13 5 8 0
Chef051 12 1407 17 7 10 0
Chef052 13 1345 20 8 12 0
Chef053 14 1724 28 11 17 0
Chef054 15 1464 10 1 9 0
Chef055 16 1348 8 3 5 0
Chef056 17 1655 15 5 10 0
Chef057 18 1170 11 5 6 0
Chef058 19 1315 17 8 9 0
Chef059 20 1298 22 8 14 0
Chef060 1 1479 6 0 6 0
Chef061 2 1597 12 1 11 0
Chef062 3 1454 11 3 8 0
Chef063 4 1410 13 4 9 1
Chef064 5 1789 21 8 13 0
Chef065 6 1421 20 8 12 1
Chef066 7 1368 21 9 12 0
Chef067 8 1558 6 1 5 0
Chef068 9 1676 12 2 10 0
Chef069 10 1434 11 3 8 0
Chef070 11 1696 17 5 12 0
Chef071 12 1706 21 6 15 0
Chef072 13 1635 20 9 11 0
Chef073 14 1798 29 9 20 0
Chef074 15 1412 4 1 3 1
Chef075 16 1773 14 3 11 0
Chef076 17 1675 13 5 8 0
Chef077 18 1667 16 5 11 0
Chef078 19 1686 20 8 12 0
Chef079 20 1606 22 8 14 0
Chef080 1 1625 5 0 5 0
Chef081 2 1689 8 1 7 0
Chef082 3 1717 10 3 7 0
Chef083 4 1583 12 4 8 0
Chef084 5 1854 19 7 12 0
Chef085 6 1639 20 7 13 0
Chef086 7 1793 27 9 18 0
Chef087 8 1749 10 0 10 0
Chef088 9 1741 8 2 6 0
Chef089 10 1985 18 4 14 0
Chef090 11 1887 18 6 12 0
Chef091 12 1735 17 8 9 0
Chef092 13 1790 22 9 13 0
Chef093 14 1764 25 10 15 0
Chef094 15 1648 5 1 4 0
Chef095 16 2027 13 2 11 0
Chef096 17 2001 15 5 10 0
Chef097 18 2020 19 6 13 0
Chef098 19 1931 21 8 13 0
Chef099 20 1860 22 8 14 0
Chef100 1 1816 6 0 6 0
